,zipcode,zipcode_freq
0,7,1
1,8,2
2,10,403
3,11,127
4,12,90
5,13,79
6,14,155
7,15,379
8,16,162
9,17,302
10,18,587
11,19,470
12,20,344
13,21,1339
14,22,23
15,23,388
16,24,282
17,25,120
18,26,130
19,27,421
20,28,724
21,29,387
22,30,405
23,31,123
24,32,176
25,33,56
26,34,71
27,35,35
28,36,9
29,37,63
30,38,318
31,39,11
32,40,64
33,41,26
34,42,38
35,43,12
36,44,20
37,45,12
38,46,8
39,47,9
40,48,7
41,49,31
42,50,65
43,51,28
44,52,30
45,53,27
46,54,227
47,56,64
48,57,59
49,58,32
50,59,6
51,60,712
52,61,227
53,62,161
54,63,298
55,64,816
56,65,336
57,66,244
58,67,339
59,68,466
60,69,178
61,70,2098
62,71,306
63,72,186
64,73,339
65,74,464
66,75,176
67,76,620
68,77,582
69,78,410
70,79,226
71,80,1141
72,81,112
73,82,255
74,83,202
75,84,28
76,85,278
77,86,216
78,87,399
79,88,996
80,89,82
81,90,7
82,91,7
83,92,3
84,94,5
85,96,4
86,97,1
87,98,2
88,100,2196
89,101,128
90,102,28
91,103,602
92,104,1793
93,105,696
94,106,114
95,107,335
96,108,110
97,109,525
98,110,207
99,111,435
100,112,2788
101,113,1458
102,114,1013
103,115,689
104,116,133
105,117,1703
106,118,88
107,119,256
108,120,319
109,121,234
110,122,149
111,123,141
112,124,146
113,125,401
114,126,54
115,127,86
116,128,205
117,129,141
118,130,400
119,131,138
120,132,185
121,133,101
122,134,150
123,135,43
124,136,182
125,137,98
126,138,97
127,139,42
128,140,403
129,141,208
130,142,497
131,143,56
132,144,261
133,145,289
134,146,406
135,147,116
136,148,200
137,149,37
138,150,366
139,151,301
140,152,603
141,153,136
142,154,77
143,155,43
144,156,219
145,157,60
146,158,34
147,159,84
148,160,148
149,161,124
150,162,41
151,163,84
152,164,46
153,165,111
154,166,122
155,167,30
156,168,93
157,169,32
158,170,374
159,171,127
160,172,121
161,173,230
162,174,110
163,175,162
164,176,105
165,177,82
166,178,124
167,179,66
168,180,460
169,181,126
170,182,108
171,183,198
172,184,173
173,185,90
174,186,120
175,187,81
176,188,36
177,189,259
178,190,833
179,191,902
180,193,307
181,194,401
182,195,154
183,196,146
184,197,277
185,198,167
186,199,286
187,200,635
188,201,1072
189,203,1
190,204,1
191,206,435
192,207,1091
193,208,696
194,209,336
195,210,748
196,211,518
197,212,1091
198,214,77
199,215,49
200,216,123
201,217,483
202,218,121
203,219,89
204,220,455
205,221,473
206,222,285
207,223,428
208,224,215
209,225,234
210,226,191
211,227,68
212,228,109
213,229,201
214,230,205
215,231,323
216,232,390
217,233,206
218,234,460
219,235,152
220,236,284
221,237,46
222,238,271
223,239,50
224,240,245
225,241,138
226,242,94
227,243,79
228,244,93
229,245,232
230,246,35
231,247,37
232,248,14
233,249,24
234,250,29
235,251,37
236,252,26
237,253,80
238,254,175
239,255,66
240,256,16
241,257,40
242,258,53
243,259,14
244,260,105
245,261,82
246,262,51
247,263,56
248,264,26
249,265,113
250,266,12
251,267,21
252,268,7
253,270,156
254,271,154
255,272,388
256,273,234
257,274,240
258,275,993
259,276,493
260,277,231
261,278,287
262,279,85
263,280,533
264,281,434
265,282,823
266,283,546
267,284,323
268,285,262
269,286,384
270,287,323
271,288,97
272,289,17
273,290,280
274,291,172
275,292,249
276,293,216
277,294,537
278,295,352
279,296,587
280,297,261
281,298,111
282,299,140
283,300,2456
284,301,1182
285,302,848
286,303,986
287,304,123
288,305,551
289,306,308
290,307,228
291,308,168
292,309,142
293,310,342
294,311,5
295,312,97
296,313,182
297,314,155
298,315,170
299,316,112
300,317,216
301,318,53
302,319,138
303,320,485
304,321,418
305,322,784
306,323,283
307,324,241
308,325,523
309,326,247
310,327,989
311,328,951
312,329,557
313,330,1928
314,331,2233
315,332,10
316,333,1045
317,334,1452
318,335,769
319,336,694
320,337,723
321,338,554
322,339,672
323,341,290
324,342,639
325,344,310
326,346,651
327,347,687
328,349,450
329,350,324
330,351,238
331,352,365
332,354,161
333,355,68
334,356,161
335,357,189
336,358,130
337,359,121
338,360,158
339,361,132
340,362,109
341,363,149
342,364,52
343,365,274
344,366,192
345,367,47
346,368,195
347,369,11
348,370,704
349,371,451
350,372,348
351,373,276
352,374,140
353,376,182
354,377,167
355,378,301
356,379,254
357,380,339
358,381,485
359,382,52
360,383,132
361,384,75
362,385,121
363,386,306
364,387,43
365,388,122
366,389,38
367,390,145
368,391,150
369,392,128
370,393,73
371,394,171
372,395,240
373,396,47
374,397,83
375,398,49
376,400,170
377,401,78
378,402,508
379,403,172
380,404,79
381,405,217
382,406,35
383,407,29
384,408,12
385,409,20
386,410,402
387,411,50
388,412,18
389,413,10
390,414,6
391,415,21
392,416,14
393,417,14
394,418,9
395,420,97
396,421,113
397,422,56
398,423,68
399,424,53
400,425,34
401,426,12
402,427,74
403,430,792
404,431,378
405,432,706
406,433,116
407,434,115
408,435,217
409,436,231
410,437,101
411,438,42
412,439,103
413,440,659
414,441,934
415,442,443
416,443,177
417,444,240
418,445,99
419,446,265
420,447,146
421,448,194
422,449,73
423,450,441
424,451,240
425,452,586
426,453,249
427,454,279
428,455,58
429,456,167
430,457,81
431,458,205
432,460,434
433,461,412
434,462,677
435,463,535
436,464,90
437,465,290
438,466,94
439,467,197
440,468,205
441,469,157
442,470,70
443,471,162
444,472,101
445,473,150
446,474,145
447,475,77
448,476,57
449,477,74
450,478,98
451,479,184
452,480,1157
453,481,1437
454,482,495
455,483,908
456,484,309
457,485,79
458,486,209
459,487,114
460,488,394
461,489,135
462,490,381
463,491,74
464,492,212
465,493,177
466,494,300
467,495,279
468,496,173
469,497,111
470,498,92
471,499,34
472,500,2
473,501,1
474,504,1
475,506,2
476,507,1
477,509,1
478,510,1
479,520,1
480,522,1
481,527,1
482,530,454
483,531,520
484,532,516
485,534,73
486,535,350
487,537,166
488,538,23
489,539,107
490,540,132
491,541,135
492,542,54
493,543,101
494,544,215
495,545,46
496,546,130
497,547,133
498,548,101
499,549,268
500,550,564
501,551,751
502,553,1000
503,554,1053
504,555,3
505,556,8
506,557,135
507,558,91
508,559,257
509,560,194
510,561,66
511,562,81
512,563,186
513,564,82
514,565,129
515,566,52
516,567,44
517,570,104
518,571,137
519,572,40
520,573,41
521,574,29
522,575,34
523,576,4
524,577,117
525,580,29
526,581,44
527,582,24
528,583,13
529,584,12
530,585,40
531,586,16
532,587,36
533,588,24
534,590,40
535,591,116
536,592,40
537,593,26
538,594,87
539,595,15
540,596,68
541,597,127
542,598,123
543,599,97
544,600,1352
545,601,1338
546,602,61
547,603,83
548,604,1350
549,605,946
550,606,2658
551,607,113
552,608,107
553,609,96
554,610,211
555,611,135
556,612,136
557,613,96
558,614,67
559,615,101
560,616,114
561,617,148
562,618,167
563,619,50
564,620,185
565,622,331
566,623,49
567,624,46
568,625,98
569,626,109
570,627,115
571,628,90
572,629,117
573,630,510
574,631,587
575,633,402
576,634,34
577,635,28
578,636,60
579,637,73
580,638,53
581,639,31
582,640,567
583,641,476
584,644,62
585,645,57
586,646,34
587,647,59
588,648,114
589,649,1
590,650,77
591,651,45
592,652,151
593,653,61
594,654,47
595,655,53
596,656,100
597,657,161
598,658,158
599,660,440
600,661,112
601,662,426
602,664,67
603,665,94
604,666,121
605,667,79
606,668,25
607,669,12
608,670,125
609,671,69
610,672,285
611,673,35
612,674,80
613,675,64
614,676,33
615,677,20
616,678,64
617,679,23
618,680,73
619,681,244
620,683,21
621,684,15
622,685,106
623,686,19
624,687,31
625,688,45
626,689,25
627,690,9
628,691,27
629,693,19
630,700,451
631,701,363
632,702,1
633,703,192
634,704,316
635,705,396
636,706,151
637,707,290
638,708,244
639,709,1
640,710,109
641,711,180
642,712,173
643,713,78
644,714,90
645,716,84
646,717,72
647,718,50
648,719,87
649,720,260
650,721,194
651,722,160
652,723,106
653,724,138
654,725,53
655,726,72
656,727,361
657,728,60
658,729,134
659,730,456
660,731,404
661,734,52
662,735,116
663,736,24
664,737,46
665,738,17
666,739,13
667,740,473
668,741,337
669,743,71
670,744,110
671,745,42
672,746,40
673,747,31
674,748,92
675,749,51
676,750,2728
677,751,658
678,752,1039
679,753,7
680,754,242
681,755,64
682,756,197
683,757,216
684,758,54
685,759,136
686,760,1226
687,761,903
688,762,554
689,763,116
690,764,67
691,765,427
692,766,118
693,767,87
694,768,45
695,769,77
696,770,2180
697,771,1
698,772,19
699,773,1202
700,774,1205
701,775,935
702,776,119
703,777,70
704,778,158
705,779,68
706,780,290
707,781,314
708,782,1117
709,783,113
710,784,185
711,785,654
712,786,989
713,787,1020
714,788,88
715,789,42
716,790,122
717,791,176
718,792,20
719,793,82
720,794,201
721,795,75
722,796,105
723,797,327
724,798,27
725,799,542
726,800,986
727,801,798
728,802,1322
729,803,115
730,804,230
731,805,505
732,806,257
733,807,54
734,808,100
735,809,444
736,810,149
737,811,52
738,812,63
739,813,75
740,814,66
741,815,139
742,816,182
743,817,1
744,820,131
745,821,1
746,822,22
747,823,15
748,824,53
749,825,37
750,826,100
751,827,50
752,828,29
753,829,66
754,830,19
755,831,22
756,832,2
757,834,1
758,835,1
759,836,2
760,837,1
761,838,1
762,840,821
763,841,431
764,843,83
765,844,106
766,845,25
767,846,113
768,847,129
769,849,1
770,850,1226
771,851,431
772,852,1592
773,853,1249
774,855,67
775,856,268
776,857,723
777,859,44
778,860,147
779,861,2
780,862,1
781,863,172
782,864,210
783,865,20
784,870,124
785,871,588
786,873,25
787,874,83
788,875,187
789,877,36
790,878,7
791,879,7
792,880,160
793,881,56
794,882,120
795,883,59
796,884,9
797,890,950
798,891,2119
799,892,1
800,893,11
801,894,350
802,895,338
803,897,85
804,898,86
805,900,2233
806,902,1130
807,903,115
808,904,131
809,905,200
810,906,696
811,907,664
812,908,520
813,910,318
814,911,172
815,912,250
816,913,1483
817,914,307
818,915,133
819,916,264
820,917,1869
821,918,81
822,919,688
823,920,1326
824,921,1658
825,922,728
826,923,1013
827,924,137
828,925,1402
829,926,1526
830,927,334
831,928,1197
832,929,1
833,930,669
834,931,192
835,932,461
836,933,463
837,934,386
838,935,460
839,936,350
840,937,383
841,939,338
842,940,977
843,941,1272
844,942,1
845,943,68
846,944,145
847,945,2907
848,946,541
849,947,102
850,948,187
851,949,424
852,950,769
853,951,1121
854,952,400
855,953,977
856,954,426
857,955,97
858,956,1287
859,957,472
860,958,896
861,959,400
862,960,232
863,961,105
864,962,4
865,963,12
866,965,2
867,967,860
868,968,425
869,969,1
870,970,699
871,971,271
872,972,796
873,973,462
874,974,407
875,975,188
876,976,53
877,977,170
878,978,86
879,979,9
880,980,1238
881,981,826
882,982,736
883,983,583
884,984,322
885,985,334
886,986,512
887,988,166
888,989,203
889,990,111
890,991,62
891,992,232
892,993,249
893,994,8
894,995,285
895,996,129
896,997,115
897,998,44
898,999,23
